Ma tran A: 
35 , -1 , 2 , 1
4 , 27 , 1 , 3
-3 , 2 , 18.5 , 4
5 , -2 , 1.3 , 17

lan lap thu: 1
0.02857 , 0.00000 , 0.00000 , 0.00000
0.00000 , 0.03704 , 0.00000 , 0.00000
0.00000 , 0.00000 , 0.05405 , 0.00000
0.00000 , 0.00000 , 0.00000 , 0.05882

lan lap thu: 2
0.02857 , 0.00106 , -0.00309 , -0.00168
-0.00423 , 0.03688 , -0.00154 , -0.00629
0.00509 , -0.00382 , 0.05372 , -0.01231
-0.00929 , 0.00432 , -0.00338 , 0.05952

lan lap thu: 3
0.02843 , 0.00115 , -0.00302 , -0.00118
-0.00337 , 0.03653 , -0.00117 , -0.00598
0.00698 , -0.00470 , 0.05442 , -0.01241
-0.00929 , 0.00432 , -0.00341 , 0.05941

lan lap thu: 4
0.02834 , 0.00119 , -0.00305 , -0.00116
-0.00343 , 0.03656 , -0.00119 , -0.00597
0.00697 , -0.00469 , 0.05443 , -0.01239
-0.00927 , 0.00431 , -0.00341 , 0.05941


So buoc lap theo Hau Nghiem: 4
Ma tran nghich dao la : 
0.02834 , 0.00119 , -0.00305 , -0.00116
-0.00343 , 0.03656 , -0.00119 , -0.00597
0.00697 , -0.00469 , 0.05443 , -0.01239
-0.00927 , 0.00431 , -0.00341 , 0.05941

Kiem tra nhan nguoc lai :
1.00005 , -0.00002 , 0.00002 , 0.00002
0.00005 , 0.99998 , 0.00001 , 0.00001
0.00013 , -0.00005 , 1.00003 , -0.00001
-0.00002 , 0.00001 , -0.00001 , 1.00000

So buoc lap theo Tien Nghiem: 6
Ma tran nghich dao la
0.02834 , 0.00119 , -0.00305 , -0.00116
-0.00343 , 0.03656 , -0.00119 , -0.00597
0.00697 , -0.00469 , 0.05442 , -0.01239
-0.00927 , 0.00431 , -0.00341 , 0.05941

Kiem tra nhan nguoc :
1.00000 , 0.00000 , -0.00000 , -0.00000
-0.00000 , 1.00000 , -0.00000 , 0.00000
-0.00000 , 0.00000 , 1.00000 , 0.00000
0.00000 , -0.00000 , 0.00000 , 1.00000

