Ma tran A: 
5 , -1 , 2 , 1
4 , 27 , 1 , 3
-3 , 2 , 18.5 , 4
5 , -2 , 1.3 , 17

lan lap thu: 2
0.20000 , 0.00741 , -0.02162 , -0.01176
-0.02963 , 0.03704 , -0.00200 , -0.00654
0.03243 , -0.00400 , 0.05405 , -0.01272
-0.05882 , 0.00436 , -0.00413 , 0.05882

lan lap thu: 3
0.19287 , 0.00814 , -0.02120 , -0.00798
-0.02429 , 0.03560 , 0.00166 , -0.00432
0.04835 , -0.00374 , 0.05166 , -0.01392
-0.06479 , 0.00248 , 0.00199 , 0.06249

lan lap thu: 4
0.18876 , 0.00812 , -0.02073 , -0.00779
-0.02316 , 0.03569 , 0.00101 , -0.00524
0.04791 , -0.00307 , 0.05001 , -0.01434
-0.06328 , 0.00208 , 0.00248 , 0.06173

lan lap thu: 5
0.18886 , 0.00795 , -0.02030 , -0.00766
-0.02271 , 0.03572 , 0.00094 , -0.00517
0.04680 , -0.00299 , 0.05005 , -0.01404
-0.06191 , 0.00205 , 0.00239 , 0.06160

lan lap thu: 6
0.18912 , 0.00793 , -0.02031 , -0.00774
-0.02283 , 0.03574 , 0.00089 , -0.00519
0.04647 , -0.00301 , 0.05014 , -0.01400
-0.06180 , 0.00209 , 0.00225 , 0.06154

lan lap thu: 7
0.18921 , 0.00794 , -0.02033 , -0.00775
-0.02287 , 0.03574 , 0.00090 , -0.00517
0.04650 , -0.00303 , 0.05018 , -0.01400
-0.06186 , 0.00210 , 0.00224 , 0.06156

lan lap thu: 8
0.18920 , 0.00794 , -0.02034 , -0.00775
-0.02288 , 0.03574 , 0.00090 , -0.00517
0.04653 , -0.00303 , 0.05017 , -0.01401
-0.06190 , 0.00210 , 0.00225 , 0.06156

lan lap thu: 9
0.18919 , 0.00794 , -0.02034 , -0.00774
-0.02288 , 0.03574 , 0.00091 , -0.00517
0.04654 , -0.00303 , 0.05017 , -0.01401
-0.06190 , 0.00210 , 0.00225 , 0.06156


So buoc lap theo Hau Nghiem: 9
Ma tran nghich dao la: 
0.18919 , 0.00794 , -0.02034 , -0.00774
-0.02288 , 0.03574 , 0.00091 , -0.00517
0.04654 , -0.00303 , 0.05017 , -0.01401
-0.06190 , 0.00210 , 0.00225 , 0.06156

Kiem tra nhan nguoc lai: 
1.00001 , 0.00001 , -0.00001 , -0.00000
-0.00001 , 1.00000 , 0.00001 , 0.00001
0.00001 , -0.00001 , 1.00001 , -0.00000
-0.00001 , 0.00001 , -0.00000 , 1.00001

So buoc lap theo Tien Nghiem: 42
Ma tran nghich dao la: 
0.18919 , 0.00794 , -0.02034 , -0.00774
-0.02287 , 0.03574 , 0.00090 , -0.00517
0.04653 , -0.00303 , 0.05017 , -0.01401
-0.06189 , 0.00210 , 0.00225 , 0.06156

Kiem tra nhan nguoc lai: 
1.00000 , 0.00000 , -0.00000 , -0.00000
0.00000 , 1.00000 , 0.00000 , 0.00000
0.00000 , 0.00000 , 1.00000 , 0.00000
-0.00000 , 0.00000 , 0.00000 , 1.00000

